{"nbformat":4,"nbformat_minor":0,"metadata":{"colab":{"name":"ML_Assignment1_Ex2_2b&d.ipynb","provenance":[],"authorship_tag":"ABX9TyNCXqCSOTjQIm7wxhRfnmI7"},"kernelspec":{"name":"python3","display_name":"Python 3"}},"cells":[{"cell_type":"code","metadata":{"colab":{"base_uri":"https://localhost:8080/"},"id":"bJCgNADgzCR8","executionInfo":{"status":"ok","timestamp":1609252728505,"user_tz":-120,"elapsed":48937,"user":{"displayName":"Ilias-Stylianos Karabasis","photoUrl":"https://lh3.googleusercontent.com/a-/AOh14GjBOFlaCIjPAnoPmPGEcGtiTWxAB5QdqxfZHR82=s64","userId":"08399952379039807470"}},"outputId":"348cfb1f-30d2-436c-939f-a2dc61ef788f"},"source":["from google.colab import drive\r\n","drive.mount ('/content/gdrive')"],"execution_count":4,"outputs":[{"output_type":"stream","text":["Mounted at /content/gdrive\n"],"name":"stdout"}]},{"cell_type":"code","metadata":{"colab":{"base_uri":"https://localhost:8080/"},"id":"pDBcQFdD5l7Q","executionInfo":{"status":"ok","timestamp":1609286898503,"user_tz":-120,"elapsed":1099,"user":{"displayName":"Ilias-Stylianos Karabasis","photoUrl":"https://lh3.googleusercontent.com/a-/AOh14GjBOFlaCIjPAnoPmPGEcGtiTWxAB5QdqxfZHR82=s64","userId":"08399952379039807470"}},"outputId":"eaa780a5-5861-4a97-aa4b-7ef7a30881af"},"source":["import pandas as pd\r\n","import numpy as np\r\n","import math\r\n","\r\n","df = pd.read_csv('/content/gdrive/MyDrive/Colab Notebooks/pima-indians-diabetes.data',delimiter=',', encoding='ISO-8859–1', names=['X1', 'X2', 'X3', 'X4', 'X5', 'X6', 'X7', 'X8', 'Y'])\r\n","\r\n","mean_diabetes = np.array([])\r\n","features = df.keys()\r\n","features = features.drop('Y')\r\n","for key in features:\r\n","  mean_diabetes = np.append(mean_diabetes, [df[key][df['Y'] == 1].sum()/len(df[key][df['Y'] == 1])])\r\n","\r\n","print('mean diabetes\\n')\r\n","print(mean_diabetes)\r\n","print('\\n')\r\n","\r\n","dimension = len(features)\r\n","covariance_diabetes = np.zeros(shape=(dimension, dimension))\r\n","for i in range(0, dimension):\r\n","  for j in range(0, dimension):\r\n","    buffer = (df[features[i]][df['Y'] == 1] - mean_diabetes[i])*(df[features[j]][df['Y'] == 1] - mean_diabetes[j])\r\n","    covariance_diabetes[i][j] = buffer.sum()/len(buffer)\r\n","\r\n","print('covariance diabetes\\n')\r\n","print(covariance_diabetes)\r\n","print('\\n')\r\n","\r\n","df_feat_only_diabetes = df.drop('Y', axis=1)[df['Y'] == 1]\r\n","features_array_diabetes = df_feat_only_diabetes.to_numpy()\r\n","buffer_array = features_array_diabetes-mean_diabetes\r\n","deter_cov_diab = np.linalg.det(covariance_diabetes)\r\n","cov_diab_inv = np.linalg.inv(covariance_diabetes)\r\n","pdf_diabetes = (1 / ( (2*math.pi)**(dimension/2) * (deter_cov_diab**(1/2)))) * np.exp((-1/2)*(buffer_array.dot(cov_diab_inv)).dot(buffer_array.T))\r\n","\r\n","pdf_diabetes = pdf_diabetes.diagonal()\r\n","print('pdf diabetes\\n')\r\n","print(pdf_diabetes.shape)\r\n","print('\\n')"],"execution_count":66,"outputs":[{"output_type":"stream","text":["mean diabetes\n","\n","[  4.86567164 141.25746269  70.82462687  22.1641791  100.3358209\n","  35.14253731   0.5505      37.06716418]\n","\n","\n","covariance diabetes\n","\n","[[ 1.39446425e+01 -6.49899755e+00  1.01704723e+01 -5.21675206e+00\n","  -4.06116061e+01 -4.30622633e+00 -9.60335821e-02  1.81918579e+01]\n"," [-6.49899755e+00  1.01633297e+03  4.69817192e+01  2.11629539e+01\n","   1.15345458e+03  1.16521079e+01  3.13677239e-01  3.44006182e+01]\n"," [ 1.01704723e+01  4.69817192e+01  4.60174468e+02  8.52675986e+01\n","   2.65379789e+02  2.08309674e+01  2.75236940e-01  6.16908833e+01]\n"," [-5.21675206e+00  2.11629539e+01  8.52675986e+01  3.11405881e+02\n","   1.11529561e+03  3.99210013e+01  1.79638806e+00 -1.77759523e+01]\n"," [-4.06116061e+01  1.15345458e+03  2.65379789e+02  1.11529561e+03\n","   1.91629021e+04  5.53069837e+01  5.22539925e+00  3.62871464e+01]\n"," [-4.30622633e+00  1.16521079e+01  2.08309674e+01  3.99210013e+01\n","   5.53069837e+01  5.25538622e+01  3.68475000e-01 -1.49215137e+01]\n"," [-9.60335821e-02  3.13677239e-01  2.75236940e-01  1.79638806e+00\n","   5.22539925e+00  3.68475000e-01  1.38130519e-01 -3.58541045e-01]\n"," [ 1.81918579e+01  3.44006182e+01  6.16908833e+01 -1.77759523e+01\n","   3.62871464e+01 -1.49215137e+01 -3.58541045e-01  1.19853698e+02]]\n","\n","\n","pdf diabetes\n","\n","(268,)\n","\n","\n"],"name":"stdout"}]},{"cell_type":"code","metadata":{"colab":{"base_uri":"https://localhost:8080/"},"id":"CloDACNnXSMj","executionInfo":{"status":"ok","timestamp":1609286901847,"user_tz":-120,"elapsed":950,"user":{"displayName":"Ilias-Stylianos Karabasis","photoUrl":"https://lh3.googleusercontent.com/a-/AOh14GjBOFlaCIjPAnoPmPGEcGtiTWxAB5QdqxfZHR82=s64","userId":"08399952379039807470"}},"outputId":"df1ea171-ff5c-4a9c-c30e-930a1ae3a34a"},"source":["mean_non_diabetes = np.array([])\r\n","for key in features:\r\n","  mean_non_diabetes = np.append(mean_non_diabetes, [df[key][df['Y'] == 0].sum()/len(df[key][df['Y'] == 0])])\r\n","\r\n","print('mean non diabetes\\n')\r\n","print(mean_non_diabetes)\r\n","print('\\n')\r\n","\r\n","covariance_non_diabetes = np.zeros(shape=(dimension, dimension))\r\n","for i in range(0, dimension):\r\n","  for j in range(0, dimension):\r\n","    buffer = (df[features[i]][df['Y'] == 0] - mean_diabetes[i])*(df[features[j]][df['Y'] == 0] - mean_diabetes[j])\r\n","    covariance_non_diabetes[i][j] = buffer.sum()/len(buffer)\r\n","\r\n","print('covariance non diabetes\\n')\r\n","print(covariance_non_diabetes)\r\n","print('\\n')\r\n","\r\n","df_feat_only_non_diabetes = df.drop('Y', axis=1)[df['Y'] == 0]\r\n","features_array_non_diabetes = df_feat_only_non_diabetes.to_numpy()\r\n","buffer_array = features_array_non_diabetes-mean_non_diabetes\r\n","deter_cov_non_diab = np.linalg.det(covariance_diabetes)\r\n","cov_non_diab_inv = np.linalg.inv(covariance_non_diabetes)\r\n","pdf_non_diabetes = (1 / ( (2*math.pi)**(dimension/2) * (deter_cov_non_diab**(1/2)))) * np.exp((-1/2)*(buffer_array.dot(cov_non_diab_inv)).dot(buffer_array.T))\r\n","\r\n","pdf_non_diabetes = pdf_non_diabetes.diagonal()\r\n","print('pdf non diabetes\\n')\r\n","print(pdf_non_diabetes.shape)\r\n","print('\\n')"],"execution_count":67,"outputs":[{"output_type":"stream","text":["mean non diabetes\n","\n","[  3.298    109.98      68.184     19.664     68.792     30.3042\n","   0.429734  31.19    ]\n","\n","\n","covariance non diabetes\n","\n","[[ 1.15427904e+01  5.68007513e+01  1.13788039e+01 -1.38641212e+00\n","   1.01583375e+01  7.96687260e+00  1.17318701e-01  2.93368436e+01]\n"," [ 5.68007513e+01  1.66027527e+03  1.73445788e+02  8.44205387e+01\n","   1.89698852e+03  1.77762399e+02  4.52279674e+00  2.53230583e+02]\n"," [ 1.13788039e+01  1.73445788e+02  3.32595054e+02  5.68158641e+01\n","   2.16297733e+02  6.31216707e+01  4.66042888e-01  6.06764376e+01]\n"," [-1.38641212e+00  8.44205387e+01  5.68158641e+01  2.27518000e+02\n","   6.85317314e+02  6.22173211e+01  7.24965254e-01 -1.37041969e+01]\n"," [ 1.01583375e+01  1.89698852e+03  2.16297733e+02  6.85317314e+02\n","   1.07498094e+04  3.45492319e+02  1.05195657e+01  1.35877342e+01]\n"," [ 7.96687260e+00  1.77762399e+02  6.31216707e+01  6.22173211e+01\n","   3.45492319e+02  8.24251103e+01  7.46504161e-01  3.16655047e+01]\n"," [ 1.17318701e-01  4.52279674e+00  4.66042888e-01  7.24965254e-01\n","   1.05195657e+01  7.46504161e-01  1.03857542e-01  8.54866149e-01]\n"," [ 2.93368436e+01  2.53230583e+02  6.06764376e+01 -1.37041969e+01\n","   1.35877342e+01  3.16655047e+01  8.54866149e-01  1.70402959e+02]]\n","\n","\n","pdf non diabetes\n","\n","(500,)\n","\n","\n"],"name":"stdout"}]},{"cell_type":"code","metadata":{"colab":{"base_uri":"https://localhost:8080/"},"id":"_UKjcXKtKTvK","executionInfo":{"status":"ok","timestamp":1609286905540,"user_tz":-120,"elapsed":1432,"user":{"displayName":"Ilias-Stylianos Karabasis","photoUrl":"https://lh3.googleusercontent.com/a-/AOh14GjBOFlaCIjPAnoPmPGEcGtiTWxAB5QdqxfZHR82=s64","userId":"08399952379039807470"}},"outputId":"31c26af3-ab49-401f-ba1d-acda7a6f4918"},"source":["N_diabetes = len(features_array_diabetes[:,0])\r\n","h_diabetes = math.sqrt(N_diabetes) # square root of number of samples for class\r\n","\r\n","marginal_pdfs_diab = []\r\n","for i in range(0, dimension):\r\n","  buffer = np.zeros(N_diabetes)\r\n","  for xi in features_array_diabetes[:][i]:\r\n","    buffer = buffer + (1 / (math.sqrt(2*math.pi)*h_diabetes)) * np.exp((-1 / (2*(h_diabetes**2)))*(features_array_diabetes[:,i] - xi)**2)\r\n","  buffer = buffer / N_diabetes\r\n","  marginal_pdfs_diab.append(buffer)\r\n","\r\n","pdf_diabetes_parzen = np.ones(marginal_pdfs_diab[0].shape)\r\n","for marg_pdf in marginal_pdfs_diab:\r\n","  pdf_diabetes_parzen = pdf_diabetes_parzen * marg_pdf\r\n","\r\n","print('pdf diabetes (parzen)\\n')\r\n","print(pdf_diabetes_parzen.shape)\r\n","print('\\n')\r\n","\r\n","N_non_diabetes = len(features_array_non_diabetes[:,0])\r\n","h_non_diabetes = math.sqrt(N_non_diabetes) # square root of number of samples for class\r\n","\r\n","marginal_pdfs_non_diab = []\r\n","for i in range(0, dimension):\r\n","  buffer = np.zeros(N_non_diabetes)\r\n","  for xi in features_array_non_diabetes[:][i]:\r\n","    buffer = buffer + (1 / (math.sqrt(2*math.pi)*h_non_diabetes)) * np.exp((-1 / (2*(h_non_diabetes**2)))*(features_array_non_diabetes[:,i] - xi)**2)\r\n","  buffer = buffer / N_non_diabetes\r\n","  marginal_pdfs_non_diab.append(buffer)\r\n","\r\n","pdf_non_diabetes_parzen = np.ones(marginal_pdfs_non_diab[0].shape)\r\n","for marg_pdf in marginal_pdfs_non_diab:\r\n","  pdf_non_diabetes_parzen = pdf_non_diabetes_parzen * marg_pdf\r\n","\r\n","print('pdf non diabetes (parzen)\\n')\r\n","print(pdf_non_diabetes_parzen.shape)\r\n","print('\\n')"],"execution_count":68,"outputs":[{"output_type":"stream","text":["pdf diabetes (parzen)\n","\n","(268,)\n","\n","\n","pdf non diabetes (parzen)\n","\n","(500,)\n","\n","\n"],"name":"stdout"}]},{"cell_type":"code","metadata":{"colab":{"base_uri":"https://localhost:8080/"},"id":"IwPRWOTjXp2U","executionInfo":{"status":"ok","timestamp":1609287771441,"user_tz":-120,"elapsed":1673,"user":{"displayName":"Ilias-Stylianos Karabasis","photoUrl":"https://lh3.googleusercontent.com/a-/AOh14GjBOFlaCIjPAnoPmPGEcGtiTWxAB5QdqxfZHR82=s64","userId":"08399952379039807470"}},"outputId":"c83de180-fb59-478d-9938-7661322815db"},"source":["### 2.2.b\r\n","## k = 8 values for means for each Xi + 8x(8+1)/2 values because the covariance matrix is symmetric so we have half table plus diagonal\r\n","k = 8 + 8*9/2\r\n","\r\n","AIC_diabetes = -2*np.log(pdf_diabetes).sum() + 2 * k + (2*k+1) / (N_diabetes-k-1)\r\n","BIC_diabetes = -2*np.log(pdf_diabetes).sum() + k * math.log(N_diabetes)\r\n","print('AIC_diabetes: ', AIC_diabetes)\r\n","print('BIC_diabetes: ', BIC_diabetes)\r\n","AIC_non_diabetes = -2*np.log(pdf_non_diabetes).sum() + 2 * k + (2*k+1) / (N_non_diabetes-k-1)\r\n","BIC_non_diabetes = -2*np.log(pdf_non_diabetes).sum() + k * math.log(N_non_diabetes)\r\n","print('AIC_non_diabetes: ', AIC_non_diabetes)\r\n","print('BIC_non_diabetes: ', BIC_non_diabetes)"],"execution_count":79,"outputs":[{"output_type":"stream","text":["AIC_diabetes:  16112.262993994169\n","BIC_diabetes:  16269.867317997632\n","AIC_non_diabetes:  29646.074034186484\n","BIC_non_diabetes:  29831.321186121455\n"],"name":"stdout"}]},{"cell_type":"code","metadata":{"colab":{"base_uri":"https://localhost:8080/"},"id":"41Q-PLuU7pz-","executionInfo":{"status":"ok","timestamp":1609287376586,"user_tz":-120,"elapsed":1037,"user":{"displayName":"Ilias-Stylianos Karabasis","photoUrl":"https://lh3.googleusercontent.com/a-/AOh14GjBOFlaCIjPAnoPmPGEcGtiTWxAB5QdqxfZHR82=s64","userId":"08399952379039807470"}},"outputId":"2faf43c5-dad3-4b31-8368-28f2968d2104"},"source":["### 2.2.d\r\n","## k = 1 because the only parameter is h which is the same for every Xi\r\n","k_parzen = 1\r\n","AIC_parzen_diabetes = -2*np.log(pdf_diabetes_parzen).sum() + 2 * k_parzen\r\n","BIC_parzen_diabetes = -2*np.log(pdf_diabetes_parzen).sum() + k_parzen * math.log(N_diabetes)\r\n","print('AIC_parzen_diabetes: ', AIC_parzen_diabetes)\r\n","print('BIC_parzen_diabetes: ', BIC_parzen_diabetes)\r\n","AIC_parzen_non_diabetes = -2*np.log(pdf_non_diabetes_parzen).sum() + 2 * k_parzen \r\n","BIC_parzen_non_diabetes = -2*np.log(pdf_non_diabetes_parzen).sum() + k_parzen * math.log(N_non_diabetes)\r\n","print('AIC_parzen_non_diabetes: ', AIC_parzen_non_diabetes)\r\n","print('BIC_parzen_non_diabetes: ', BIC_parzen_non_diabetes)"],"execution_count":76,"outputs":[{"output_type":"stream","text":["AIC_parzen_diabetes:  40719.700721292844\n","BIC_parzen_diabetes:  40723.291708273355\n","AIC_parzen_non_diabetes:  78998.97309879342\n","BIC_parzen_non_diabetes:  79003.18770689184\n"],"name":"stdout"}]}]}